[24.64813614  5.35080051  5.93385124  3.26197386  3.12125945  3.05641747
  2.99110961  2.94611478  2.93528676  2.92315292  2.87235379  2.8405652
  2.82153583  2.80108786  2.78636932  2.77426744  2.78525519  2.77003002
  2.77290297  2.78763652  2.78076196  2.77570724  2.78978157  2.76828909
  2.76353574  2.75191903  2.74483585  2.73207259  2.72624445  2.71348
  2.71487117  2.73273826  2.73519349  2.69668388  2.68680096  2.66938424
  2.65614891  2.64679742  2.64426446  2.65898347  2.67208076  2.65672731
  2.65253234  2.64259744  2.65197897  2.63635731  2.63844848  2.62002063
  2.65387607  2.63044286  2.6110363   2.62272191  2.62291813  2.59177399
  2.5854888   2.60086918  2.58020139  2.60636806  2.6336441   2.57468438
  2.57768226  2.57875991  2.61064172  2.59218097  2.56468844  2.55296731
  2.55728745  2.56189346  2.56365657  2.54728723  2.54399014  2.53696132
  2.54503608  2.53542757  2.51929927  2.5224731   2.52338886  2.51154327
  2.49279785  2.49552679  2.47738171  2.4755125   2.47046971  2.46514368
  2.46426916  2.45904922  2.44475245  2.44005442  2.43153977  2.42246795
  2.41550255  2.40989709  2.40846086  2.41134524  2.40280437  2.39197659
  2.40068579  2.39244866  2.41174674  2.3933897   2.38828421  2.38034177
  2.38430643  2.3625555   2.36497307  2.35590386  2.33282089  2.33541942
  2.38106942  2.41004157  2.36751366  2.35128617  2.35233903  2.36074328
  2.3483851   2.34502268  2.36574197  2.3526094   2.34215045  2.3325398
  2.32533169  2.31294799  2.30907321  2.29335213  2.28985572  2.27182341
  2.26413012  2.26319671  2.2559576   2.24309945  2.23349762  2.24008489
  2.22903419  2.22272754  2.21815991  2.21168661  2.22138691  2.20783806
  2.18139744  2.17332101  2.190768    2.17808104  2.17780423  2.19176102
  2.18690491  2.17872667  2.17962646  2.18334556  2.16880584  2.15830088
  2.15468979  2.16719484  2.16116977  2.17964482  2.15581274  2.14173579
  2.11984825  2.11498785  2.10576153  2.10078001  2.09319973  2.08990264
  2.07484937  2.0776484   2.09715009  2.08744431  2.08004451  2.06226707
  2.06042695  2.04503989  2.03667903  2.01977658  2.00954223  2.0000875
  1.98164392  1.98634887  1.96740925  1.97234416  1.96903217  1.95868802
  1.9242748   1.92182255  1.92141318  1.90698624  1.90207088  1.86273289
  1.82821786  1.83676565  1.81225133  1.76989567  1.77421796  1.79940271
  1.78217554  1.78398395  1.77611923  1.72237623  1.74446321  1.73721611
  1.72269177  1.73228383  1.7209059   1.72601569  1.68396389  1.69058859
  1.68784094  1.70641887  1.68568063  1.76952302  1.75764966  1.70375514
  1.73729646  1.73942578  1.70387971  1.7322396   1.71396363  1.71720195
  1.69360769  1.68126988  1.67756355  1.72031248  1.70066977  1.69108427
  1.6838479   1.66819847  1.6817838   1.70989799  1.71144426  1.72324085
  1.72064626  1.69761074  1.72062576  1.70930231  1.70282447  1.69747543
  1.67384088  1.67142344  1.68469393  1.69414353  1.67496145  1.68790376
  1.67636645  1.69352806  1.681337    1.6979239   1.73048866  1.73584759
  1.75595164  1.76771319  1.76641774  1.77546334  1.74594831  1.74171579
  1.73494887  1.75494444  1.75285554  1.76032281  1.76820672  1.77479315
  1.77252483  1.74410641  1.72940445  1.72945857  1.73968065  1.77415037
  1.83015478  1.84448135  1.85419893  1.8518219   1.83872402  1.82118833
  1.83466518  1.84398031  1.82081687  1.79785025  1.82336259  1.77324295
  1.76875317  1.74946034  1.73570764  1.72135293  1.73371756  1.72961473
  1.68899775  1.67634296  1.70754695  1.68407905  1.67919517  1.67044628
  1.66162217  1.66939592  1.70169508  1.66997588  1.70169818  1.69297671
  1.70600069  1.66787136  1.67522562  1.657251    1.66927314  1.66163492
  1.69544363  1.66722822  1.67326915  1.67115724  1.6310395   1.62262297
  1.64327586  1.63732696  1.64881253  1.63965237  1.63695908  1.587924
  1.62899888  1.71115232  1.68157768  1.64105415  1.5867008   1.62091923
  1.64869142  1.64711726  1.67658484  1.65907729  1.68888104  1.68670976
  1.7400074   1.6417985   1.59305775  1.65559149  1.65516996  1.66389108
  1.66030955  1.66191173  1.70795929  1.71736109  1.79430509  1.73511827
  1.81097305  1.79013622  1.77911174  1.82966757  1.85743904  1.85577536
  1.84387898  1.8329587   1.7915498   1.78198004  1.79483521  1.79724729
  1.84814346  1.83859563  1.7397151   1.73514593  1.74868035  1.75662756
  1.77072442  1.7647239   1.64945412  1.59567392  1.60229611  1.63321364
  1.59818244  1.58339369  1.60971463  1.60539138  1.59830344  1.62277925
  1.58542013  1.5273478   1.54524255  1.6087085   1.59489787  1.59540737
  1.58762002  1.52777994  1.47933435  1.47387505  1.49788177  1.50237286
  1.52148795  1.56238317  1.52982056  1.50270963  1.44824672  1.40978479
  1.40140378  1.35699594  1.36626852  1.35824263  1.3393954   1.32587528
  1.34877038  1.49242198  1.44599521  1.70222354  1.56649828  1.50523651
  1.64022613  1.48723519  1.53280759  1.44385147  1.46329224  1.46441853
  1.51664996  1.513098    1.53319514  1.49814212  1.48087752  1.41790891
  1.45431864  1.42375755  1.39677238  1.39871728  1.37375164  1.36307895
  1.34719002  1.34475851  1.27394748  1.28419292  1.26971507  1.27305961
  1.29375768  1.53561056  1.2480979   1.2291919   1.21841574  1.23291707
  1.20097339  1.19886112  1.18961108  1.17955923  1.12102771  1.11345673
  1.09112167  1.05173695  1.03478527  1.02547133  1.03384745  1.03746486
  0.98401254  0.97320259  0.94135833  0.92825776  0.90112799  0.91643369
  0.94074619  0.90217972  0.88723052  0.87635171  0.85406107  0.91040778
  1.85576105  1.57432652  0.85117072  0.8369416   0.81156009  0.79194421
  0.7730453   0.75664133  0.74704313  0.74447477  0.73448575  0.72750694
  0.72344983  0.71298826  0.70690483  0.69826323  0.68677545  0.68722779
  0.67973673  0.6841957   0.68540227  0.67220926  0.67406195  0.69525266
  0.69922024  0.67496687  0.66280913  0.64925355  0.66030484  0.65520847
  0.62429744  0.62019581  0.62034309  0.61951619  0.63009501  0.64405733
  0.63448983  0.65014011  0.62768543  0.64298791  0.60694271  0.60884362
  0.61269736  0.5890854   0.58244294  0.58323443  0.56804287  0.56489861
  0.57830089  0.58905804  0.57616454  0.54391372  0.55063194  0.55177677
  0.55567813  0.54846269  0.55069333  0.53320044  0.524975    0.51231319
  0.49540225  0.          0.          0.          0.          0.
  0.          0.          0.          0.          0.          0.
  0.          0.          0.          0.          0.          0.
  0.          0.          0.          0.          0.          0.
  0.          0.          0.          0.          0.          0.
  0.          0.          0.          0.          0.          0.
  0.          0.          0.          0.          0.          0.
  0.          0.          0.          0.          0.          0.
  0.          0.          0.          0.          0.          0.
  0.          0.          0.          0.          0.          0.
  0.          0.          0.          0.          0.          0.
  0.          0.          0.          0.          0.          0.
  0.          0.          0.          0.          0.          0.
  0.          0.          0.          0.          0.          0.
  0.          0.          0.          0.          0.          0.
  0.          0.          0.          0.          0.          0.
  0.          0.          0.          0.          0.          0.
  0.          0.          0.          0.          0.          0.
  0.          0.          0.          0.          0.          0.
  0.          0.          0.          0.          0.          0.
  0.          0.          0.          0.          0.          0.
  0.          0.          0.          0.          0.          0.
  0.          0.          0.          0.          0.          0.
  0.          0.          0.          0.          0.          0.
  0.          0.          0.          0.          0.          0.
  0.          0.          0.          0.          0.          0.
  0.          0.          0.          0.          0.          0.
  0.          0.          0.          0.          0.          0.
  0.          0.          0.          0.          0.          0.
  0.          0.          0.          0.          0.          0.
  0.          0.          0.          0.          0.          0.
  0.          0.          0.          0.          0.          0.
  0.          0.          0.          0.          0.          0.
  0.          0.          0.          0.          0.          0.
  0.          0.          0.          0.          0.          0.
  0.          0.          0.          0.          0.          0.
  0.          0.          0.          0.          0.          0.
  0.          0.          0.          0.          0.          0.
  0.          0.          0.          0.          0.          0.
  0.          0.          0.          0.          0.          0.
  0.          0.          0.          0.          0.          0.
  0.          0.          0.          0.          0.          0.
  0.          0.          0.          0.          0.          0.
  0.          0.          0.          0.          0.          0.
  0.          0.          0.          0.          0.          0.
  0.          0.          0.          0.          0.          0.
  0.          0.          0.          0.          0.          0.
  0.          0.          0.          0.          0.          0.
  0.          0.          0.          0.          0.          0.
  0.          0.          0.          0.          0.          0.
  0.          0.          0.          0.          0.          0.
  0.          0.          0.          0.          0.          0.
  0.          0.          0.          0.          0.          0.
  0.          0.          0.          0.          0.          0.
  0.          0.          0.          0.          0.          0.
  0.          0.          0.          0.          0.          0.
  0.          0.          0.          0.          0.          0.
  0.          0.          0.          0.          0.          0.
  0.          0.          0.          0.          0.          0.
  0.          0.          0.          0.          0.          0.
  0.          0.          0.          0.          0.          0.
  0.          0.          0.          0.          0.          0.
  0.          0.          0.          0.          0.          0.
  0.          0.          0.          0.          0.          0.
  0.          0.          0.          0.          0.          0.
  0.          0.          0.          0.          0.          0.
  0.          0.          0.          0.          0.          0.
  0.          0.          0.          0.          0.          0.
  0.          0.          0.          0.          0.          0.
  0.          0.          0.          0.          0.          0.
  0.          0.          0.          0.          0.          0.
  0.          0.          0.          0.          0.          0.
  0.          0.          0.          0.          0.          0.
  0.          0.          0.          0.          0.          0.
  0.          0.          0.          0.          0.          0.
  0.          0.          0.          0.          0.          0.
  0.          0.          0.          0.          0.          0.
  0.          0.          0.          0.          0.          0.
  0.          0.          0.          0.          0.          0.
  0.          0.          0.          0.          0.          0.
  0.          0.          0.          0.          0.          0.
  0.          0.          0.          0.          0.          0.
  0.          0.          0.          0.          0.          0.
  0.          0.          0.          0.          0.          0.
  0.          0.          0.          0.          0.          0.
  0.          0.          0.          0.          0.          0.
  0.          0.          0.          0.          0.          0.
  0.          0.          0.          0.          0.          0.
  0.          0.          0.          0.          0.          0.
  0.          0.          0.          0.          0.          0.
  0.          0.          0.          0.          0.          0.
  0.          0.          0.          0.          0.          0.
  0.          0.          0.          0.          0.          0.
  0.          0.          0.          0.          0.          0.
  0.          0.          0.          0.          0.          0.
  0.          0.          0.          0.          0.          0.
  0.          0.          0.          0.          0.          0.
  0.          0.          0.          0.          0.          0.
  0.          0.          0.          0.          0.          0.
  0.          0.          0.          0.          0.          0.
  0.          0.          0.          0.          0.          0.
  0.          0.          0.          0.          0.          0.
  0.          0.          0.          0.          0.          0.
  0.          0.          0.          0.          0.          0.
  0.          0.          0.          0.          0.          0.
  0.          0.          0.          0.          0.          0.
  0.          0.          0.          0.          0.          0.
  0.          0.          0.          0.          0.          0.
  0.          0.          0.          0.          0.          0.
  0.          0.          0.          0.          0.          0.
  0.          0.          0.          0.          0.          0.
  0.          0.          0.          0.          0.          0.
  0.          0.          0.          0.          0.          0.
  0.          0.          0.          0.          0.          0.
  0.          0.          0.          0.          0.          0.
  0.          0.          0.          0.          0.          0.
  0.          0.          0.          0.          0.          0.
  0.          0.          0.          0.          0.          0.
  0.          0.          0.          0.          0.          0.
  0.          0.          0.          0.          0.          0.
  0.          0.          0.          0.          0.          0.
  0.          0.          0.          0.          0.          0.
  0.          0.          0.          0.          0.          0.
  0.          0.          0.          0.          0.          0.
  0.          0.          0.          0.          0.          0.
  0.          0.          0.          0.          0.          0.
  0.          0.          0.          0.          0.          0.
  0.          0.          0.          0.          0.          0.
  0.          0.          0.          0.          0.          0.
  0.          0.          0.          0.          0.          0.
  0.          0.          0.          0.          0.          0.
  0.          0.          0.          0.          0.          0.
  0.          0.          0.          0.          0.          0.
  0.          0.          0.          0.          0.          0.
  0.          0.          0.          0.          0.          0.
  0.          0.          0.          0.          0.          0.
  0.          0.          0.          0.          0.          0.
  0.          0.          0.          0.          0.          0.
  0.          0.          0.          0.          0.          0.
  0.          0.          0.          0.          0.          0.
  0.          0.          0.          0.          0.          0.
  0.          0.          0.          0.          0.          0.
  0.          0.          0.          0.          0.          0.
  0.          0.          0.          0.          0.          0.
  0.          0.          0.          0.          0.          0.
  0.          0.          0.          0.          0.          0.
  0.          0.          0.          0.          0.          0.
  0.          0.          0.          0.          0.          0.
  0.          0.          0.          0.          0.          0.
  0.          0.          0.          0.          0.          0.
  0.          0.          0.          0.          0.          0.
  0.          0.          0.          0.          0.          0.
  0.          0.          0.          0.          0.          0.
  0.          0.          0.          0.          0.          0.
  0.          0.          0.          0.          0.          0.
  0.          0.          0.          0.          0.          0.
  0.          0.          0.          0.          0.          0.
  0.          0.          0.          0.          0.          0.
  0.          0.          0.          0.          0.          0.
  0.          0.          0.          0.          0.          0.
  0.          0.          0.          0.          0.          0.
  0.          0.          0.          0.          0.          0.
  0.          0.          0.          0.          0.          0.
  0.          0.          0.          0.          0.          0.
  0.          0.          0.          0.          0.          0.
  0.          0.          0.          0.          0.          0.
  0.          0.          0.          0.          0.          0.
  0.          0.          0.          0.          0.          0.
  0.          0.          0.          0.          0.          0.
  0.          0.          0.          0.          0.          0.
  0.          0.          0.          0.          0.          0.
  0.          0.          0.          0.          0.          0.
  0.          0.          0.          0.          0.          0.
  0.          0.          0.          0.          0.          0.
  0.          0.          0.          0.          0.          0.
  0.          0.          0.          0.          0.          0.
  0.          0.          0.          0.          0.          0.
  0.          0.          0.          0.          0.          0.
  0.          0.          0.          0.          0.          0.
  0.          0.          0.          0.          0.          0.
  0.          0.          0.          0.          0.          0.
  0.          0.          0.          0.          0.          0.
  0.          0.          0.          0.          0.          0.
  0.          0.          0.          0.          0.          0.
  0.          0.          0.          0.          0.          0.
  0.          0.          0.          0.          0.          0.
  0.          0.          0.          0.          0.          0.
  0.          0.          0.          0.          0.          0.
  0.          0.          0.          0.          0.          0.
  0.          0.          0.          0.          0.          0.
  0.          0.          0.          0.          0.          0.
  0.          0.          0.          0.          0.          0.
  0.          0.          0.          0.          0.          0.
  0.          0.          0.          0.          0.          0.
  0.          0.          0.          0.          0.          0.
  0.          0.          0.          0.          0.          0.
  0.          0.          0.          0.          0.          0.
  0.          0.          0.          0.          0.          0.
  0.          0.          0.          0.          0.          0.
  0.          0.          0.          0.          0.          0.
  0.          0.          0.          0.          0.          0.
  0.          0.          0.          0.          0.          0.
  0.          0.          0.          0.          0.          0.
  0.          0.          0.          0.          0.          0.
  0.          0.          0.          0.          0.          0.
  0.          0.          0.          0.          0.          0.
  0.          0.          0.          0.          0.          0.
  0.          0.          0.          0.          0.          0.
  0.          0.          0.          0.          0.          0.
  0.          0.          0.          0.          0.          0.
  0.          0.          0.          0.          0.          0.
  0.          0.          0.          0.          0.          0.
  0.          0.          0.          0.          0.          0.
  0.          0.          0.          0.          0.          0.
  0.          0.          0.          0.          0.          0.
  0.          0.          0.          0.          0.          0.
  0.          0.          0.          0.          0.          0.
  0.          0.          0.          0.          0.          0.
  0.          0.          0.          0.          0.          0.
  0.          0.          0.          0.          0.          0.
  0.          0.          0.          0.          0.          0.
  0.          0.          0.          0.          0.          0.
  0.          0.          0.          0.          0.          0.
  0.          0.          0.          0.          0.          0.
  0.          0.          0.          0.          0.          0.
  0.          0.          0.          0.          0.          0.
  0.          0.          0.          0.          0.          0.
  0.          0.          0.          0.          0.          0.
  0.          0.          0.          0.          0.          0.
  0.          0.          0.          0.          0.          0.
  0.          0.          0.          0.          0.          0.
  0.          0.          0.          0.          0.          0.
  0.          0.          0.          0.          0.          0.
  0.          0.          0.          0.          0.          0.
  0.          0.          0.          0.          0.          0.
  0.          0.          0.          0.          0.          0.
  0.          0.          0.          0.          0.          0.
  0.          0.          0.          0.          0.          0.
  0.          0.          0.          0.          0.          0.
  0.          0.          0.          0.          0.          0.
  0.          0.          0.          0.          0.          0.
  0.          0.          0.          0.          0.          0.
  0.          0.          0.          0.          0.          0.
  0.          0.          0.          0.          0.          0.
  0.          0.          0.          0.          0.          0.
  0.          0.          0.          0.          0.          0.
  0.          0.          0.          0.          0.          0.
  0.          0.          0.          0.          0.          0.
  0.          0.        ]