[1.43237162e+01 1.19167480e+01 2.16249531e+04 4.23879766e+00
 3.65794301e+00 3.42561936e+00 3.26250267e+00 3.17968154e+00
 3.10200691e+00 3.02751493e+00 3.01864529e+00 2.95837331e+00
 2.91316128e+00 2.87506294e+00 2.84653783e+00 2.81822848e+00
 2.82393050e+00 2.78225756e+00 2.79784346e+00 2.76155448e+00
 2.74800062e+00 2.77573776e+00 2.72428632e+00 2.71250367e+00
 2.70887423e+00 2.69462276e+00 2.68884850e+00 2.67918539e+00
 2.67443585e+00 2.66841698e+00 2.65810084e+00 2.64498425e+00
 2.64106655e+00 2.63675261e+00 2.63142776e+00 2.62477875e+00
 2.62112522e+00 2.61715102e+00 2.61042881e+00 2.60385489e+00
 2.59589672e+00 2.59937954e+00 2.59204078e+00 2.58260417e+00
 2.57615495e+00 2.58043265e+00 2.58076453e+00 2.58032942e+00
 2.56803727e+00 2.59125257e+00 2.57199430e+00 2.58069634e+00
 2.57479525e+00 2.56490636e+00 2.57429504e+00 2.58126116e+00
 2.56419730e+00 2.55082488e+00 2.55825925e+00 2.54726696e+00
 2.53696012e+00 2.53687620e+00 2.54113054e+00 2.54296613e+00
 2.53704953e+00 2.55435181e+00 2.54107141e+00 2.53409457e+00
 2.52586102e+00 2.53645229e+00 2.53746247e+00 2.54114866e+00
 2.55734682e+00 2.56023574e+00 2.53751206e+00 2.52760386e+00
 2.53674817e+00 2.53103113e+00 2.53226733e+00 2.54192805e+00
 2.54624891e+00 2.52516174e+00 2.50706959e+00 2.51108384e+00
 2.50800729e+00 2.50574493e+00 2.51288128e+00 2.51230597e+00
 2.51975131e+00 2.51775479e+00 2.51386166e+00 2.50872660e+00
 2.51513553e+00 2.50508285e+00 2.51762867e+00 2.51501298e+00
 2.50970960e+00 2.50159192e+00 2.49546909e+00 2.49267435e+00
 2.49011421e+00 2.49294186e+00 2.49049568e+00 2.48694158e+00
 2.50088263e+00 2.48208451e+00 2.48544955e+00 2.49960399e+00
 2.49817777e+00 2.51429129e+00 2.49616456e+00 2.49905086e+00
 2.48617435e+00 2.49334311e+00 2.48716331e+00 2.48284125e+00
 2.47668242e+00 2.46741557e+00 2.47991204e+00 2.49193072e+00
 2.49529266e+00 2.49219465e+00 2.50415659e+00 2.49499178e+00
 2.51505089e+00 2.50621414e+00 2.49573851e+00 2.48237991e+00
 2.48846769e+00 2.47748446e+00 2.47187352e+00 2.47398925e+00
 2.49012065e+00 2.48925376e+00 2.48300314e+00 2.48840046e+00
 2.50029278e+00 2.47872066e+00 2.47390461e+00 2.47819352e+00
 2.49989438e+00 2.50965762e+00 2.51168561e+00 2.49419570e+00
 2.48005748e+00 2.49292755e+00 2.49216318e+00 2.47594857e+00
 2.48374367e+00 2.47288871e+00 2.46962976e+00 2.46778369e+00
 2.46485090e+00 2.46179104e+00 2.45767570e+00 2.45910645e+00
 2.45809627e+00 2.45910883e+00 2.45649910e+00 2.45327783e+00
 2.45422554e+00 2.45636415e+00 2.45512629e+00 2.45343256e+00
 2.45411134e+00 2.46222067e+00 2.45802498e+00 2.45978141e+00
 2.46628594e+00 2.45338988e+00 2.44930506e+00 2.45357919e+00
 2.45843697e+00 2.45133734e+00 2.44729424e+00 2.44165778e+00
 2.44252086e+00 2.44681239e+00 2.45639896e+00 2.45012903e+00
 2.45594835e+00 2.44796205e+00 2.44656587e+00 2.44165564e+00
 2.43733239e+00 2.43582106e+00 2.43478632e+00 2.44254637e+00
 2.44412327e+00 2.44884729e+00 2.45755672e+00 2.45965075e+00
 2.45205140e+00 2.45419240e+00 2.45455742e+00 2.46820259e+00
 2.45876479e+00 2.45215225e+00 2.45240283e+00 2.45005465e+00
 2.44133806e+00 2.45730972e+00 2.45652461e+00 2.44559622e+00
 2.44429851e+00 2.44737124e+00 2.45638537e+00 2.43460584e+00
 2.43637276e+00 2.43212199e+00 2.43490505e+00 2.46423125e+00
 2.45491195e+00 2.44756460e+00 2.44492960e+00 2.45321131e+00
 2.44886327e+00 2.44439483e+00 2.46610785e+00 2.47097898e+00
 2.46389103e+00 2.45803332e+00 2.43165636e+00 2.43689537e+00
 2.45642161e+00 2.44733572e+00 2.43948054e+00 2.44203687e+00
 2.45059419e+00 2.43390751e+00 2.43456578e+00 2.43559384e+00
 2.44242907e+00 2.43076539e+00 2.43799782e+00 2.44127131e+00
 2.42181754e+00 2.42427230e+00 2.42974162e+00 2.42518425e+00
 2.42973757e+00 2.43295503e+00 2.42951369e+00 2.42720461e+00
 2.42629552e+00 2.44701314e+00 2.43935370e+00 2.42066956e+00
 2.41858459e+00 2.41748476e+00 2.42228818e+00 2.42520714e+00
 2.43773842e+00 2.43605304e+00 2.42854643e+00 2.42990327e+00
 2.42653561e+00 2.42974567e+00 2.43204927e+00 2.43366456e+00
 2.42509508e+00 2.41347265e+00 2.41335917e+00 2.41172004e+00
 2.41644478e+00 2.40908241e+00 2.41073728e+00 2.41490197e+00
 2.40897822e+00 2.40756226e+00 2.40618539e+00 2.40114355e+00
 2.39997506e+00 2.40373421e+00 2.40272236e+00 2.40792561e+00
 2.40525174e+00 2.40719199e+00 2.40539336e+00 2.40377760e+00
 2.40383792e+00 2.40501404e+00 2.40052938e+00 2.40080190e+00
 2.40621781e+00 2.39854622e+00 2.40278649e+00 2.40098763e+00
 2.40525460e+00 2.40206027e+00 2.39694929e+00 2.38901711e+00
 2.38725114e+00 2.38395381e+00 2.37425399e+00 2.37756705e+00
 2.37791181e+00 2.37312651e+00 2.36929107e+00 2.37546229e+00
 2.37705803e+00 2.38318110e+00 2.37761641e+00 2.36906314e+00
 2.37366772e+00 2.38794923e+00 2.44702816e+00 2.45039392e+00
 2.47268200e+00 2.38680816e+00 2.38814640e+00 2.39020848e+00
 2.38351107e+00 2.39763522e+00 2.40629506e+00 2.44661856e+00
 2.40719104e+00 2.38691354e+00 2.39230824e+00 2.40468144e+00
 2.41602039e+00 2.38892341e+00 2.39519787e+00 2.41469741e+00
 2.37978888e+00 2.38368869e+00 2.37841916e+00 2.37980056e+00
 2.37691402e+00 2.37163258e+00 2.37006330e+00 2.36327291e+00
 2.35881400e+00 2.34558845e+00 2.35022974e+00 2.34904051e+00
 2.34678984e+00 2.35347819e+00 2.35627890e+00 2.34011507e+00
 2.34989858e+00 2.36717701e+00 2.35325527e+00 2.34174204e+00
 2.34951639e+00 2.34880805e+00 2.35486436e+00 2.35399652e+00
 2.37299991e+00 2.37242937e+00 2.35939240e+00 2.35574889e+00
 2.35920691e+00 2.37076998e+00 2.35554862e+00 2.37329078e+00
 2.36084270e+00 2.37180901e+00 2.36928487e+00 2.37267375e+00
 2.35594821e+00 2.34832406e+00 2.35041261e+00 2.34957528e+00
 2.36291909e+00 2.37413621e+00 2.36008930e+00 2.35650897e+00
 2.36679530e+00 2.36557961e+00 2.37138891e+00 2.37572837e+00
 2.39449120e+00 2.39494228e+00 2.36831546e+00 2.37520599e+00
 2.37687588e+00 2.37522388e+00 2.38187838e+00 2.38898468e+00
 2.35473371e+00 2.34372592e+00 2.35738397e+00 2.34373307e+00
 2.32844329e+00 2.33042264e+00 2.33020759e+00 2.32893443e+00
 2.33052397e+00 2.32419586e+00 2.33069754e+00 2.31418324e+00
 2.31314850e+00 2.32415867e+00 2.32901073e+00 2.33271289e+00
 2.33621716e+00 2.33507681e+00 2.33436275e+00 2.35971522e+00
 2.35574627e+00 2.34544110e+00 2.34473753e+00 2.34912109e+00
 2.33756566e+00 2.33809066e+00 2.33730698e+00 2.34174919e+00
 2.35083222e+00 2.37512708e+00 2.34819031e+00 2.32818866e+00
 2.32501960e+00 2.33134794e+00 2.33936858e+00 2.34815598e+00
 2.34340858e+00 2.36200023e+00 2.34348607e+00 2.34271288e+00
 2.33785129e+00 2.34884238e+00 2.35717392e+00 2.41360021e+00
 2.35106516e+00 2.35249043e+00 2.34903860e+00 2.34507370e+00
 2.34080982e+00 2.34651279e+00 2.34956431e+00 2.36194038e+00
 2.33819532e+00 2.34670615e+00 2.36309433e+00 2.35993409e+00
 2.33938670e+00 2.29807830e+00 2.29844213e+00 2.30015588e+00
 2.30269146e+00 2.28856015e+00 2.29088545e+00 2.29023910e+00
 2.29432201e+00 2.31273651e+00 2.31031132e+00 2.31465483e+00
 2.29235840e+00 2.29791403e+00 2.29473424e+00 2.31547403e+00
 2.30475855e+00 2.26553345e+00 2.24735069e+00 2.25023365e+00
 2.24510574e+00 2.24532795e+00 2.26322412e+00 2.27414227e+00
 2.26062274e+00 2.26380229e+00 2.27446437e+00 2.26516700e+00
 2.31437111e+00 2.28118324e+00 2.25962162e+00 2.26022911e+00
 2.25671506e+00 2.25629759e+00 2.25378418e+00 2.24152207e+00
 2.22176385e+00 2.23471975e+00 2.23212147e+00 2.28770542e+00
 2.30874753e+00 2.28084564e+00 2.29549074e+00 2.27733850e+00
 2.29017854e+00 2.28328323e+00 2.29312181e+00 2.27849889e+00
 2.30104208e+00 2.32888603e+00 2.40447116e+00 2.36688232e+00
 2.36050463e+00 2.32221603e+00 2.33977461e+00 2.34893131e+00
 2.34642029e+00 2.31935930e+00 2.31076479e+00 2.29008579e+00
 2.27591300e+00 2.28354812e+00 2.29755473e+00 2.32113671e+00
 2.27772117e+00 2.30746961e+00 2.29502463e+00 2.30592775e+00
 2.37911487e+00 2.32522631e+00 2.38391733e+00 2.32285786e+00
 2.33787417e+00 2.33537149e+00 2.33961010e+00 2.31032944e+00
 2.35854602e+00 2.40543795e+00 2.32665372e+00 2.36397123e+00
 2.31506205e+00 2.33804774e+00 2.33136296e+00 2.31470203e+00
 2.30083776e+00 2.28301716e+00 2.28442478e+00 2.25539517e+00
 2.25693846e+00 2.23951530e+00 2.23114419e+00 2.23988223e+00
 2.26998997e+00 2.28027940e+00 2.26187110e+00 2.26573706e+00
 2.26493239e+00 2.26777077e+00 2.28342891e+00 2.29150772e+00
 2.29160595e+00 2.27295780e+00 2.27321005e+00 2.25668597e+00
 2.24152994e+00 2.23434830e+00 2.22775841e+00 2.23987865e+00
 2.25482345e+00 2.23621631e+00 2.22606015e+00 2.23716331e+00
 2.23345661e+00 2.25434732e+00 2.25688529e+00 2.25720835e+00
 2.26810241e+00 2.26340127e+00 2.28083205e+00 2.28290272e+00
 2.26858306e+00 2.25308657e+00 2.24855804e+00 2.23719192e+00
 2.23210192e+00 2.23887658e+00 2.25682688e+00 2.25667572e+00
 2.24105358e+00 2.23390293e+00 2.26699352e+00 2.28915334e+00
 2.28395104e+00 2.28998876e+00 2.26546216e+00 2.29332972e+00
 2.28677726e+00 2.29874754e+00 2.34052181e+00 2.40447450e+00
 2.37475181e+00 2.21968889e+00 2.24162412e+00 2.19926548e+00
 2.26078248e+00 2.20404792e+00 2.19870639e+00 2.20789313e+00
 2.21605134e+00 2.18679786e+00 2.11780691e+00 2.07431698e+00
 2.07656837e+00 2.05915189e+00 2.05493569e+00 2.05182266e+00
 2.03905869e+00 2.08868957e+00 2.06574702e+00 2.06143165e+00
 2.05276179e+00 2.05454993e+00 2.06378889e+00 2.01328349e+00
 2.01883554e+00 2.01152420e+00 2.07248878e+00 2.05098701e+00
 2.02197504e+00 2.02174568e+00 2.06885314e+00 2.08142734e+00
 2.08061957e+00 2.11622953e+00 2.15542126e+00 2.09816480e+00
 2.14294791e+00 2.09306788e+00 2.11346507e+00 2.05364442e+00
 2.04024720e+00 2.02270269e+00 1.99399531e+00 2.01736140e+00
 1.97839034e+00 1.98874104e+00 1.99511015e+00 2.02883673e+00
 2.01673388e+00 1.90654957e+00 1.96211958e+00 1.96340799e+00
 1.91084194e+00 1.85738409e+00 1.91422009e+00 1.88582957e+00
 1.91344202e+00 1.89903891e+00 1.89600575e+00 1.95899224e+00
 1.94830143e+00 1.87129283e+00 1.87410986e+00 1.84651327e+00
 1.85118365e+00 1.86298251e+00 1.88244081e+00 1.81934750e+00
 1.84970653e+00 1.85985005e+00 1.84691525e+00 1.89522159e+00
 1.91738355e+00 1.89581454e+00 1.82371283e+00 1.80094588e+00
 1.77375972e+00 1.78059351e+00 1.80248845e+00 1.84002984e+00
 1.89749694e+00 2.04669404e+00 2.01629472e+00 3.11981511e+00
 1.83312666e+00 1.72767293e+00 1.68403184e+00 1.64096093e+00
 1.60129142e+00 1.60091507e+00 1.61127460e+00 1.57977998e+00
 1.59756088e+00 1.58451772e+00 1.64020097e+00 1.72201109e+00
 1.64349580e+00 1.69604897e+00 1.70291889e+00 1.60915935e+00
 1.57492018e+00 1.56952477e+00 1.56043887e+00 1.56506348e+00
 1.56878507e+00 1.53641820e+00 1.50398290e+00 1.49798155e+00
 1.49849355e+00 1.52321339e+00 1.54202461e+00 1.53538167e+00
 1.56490898e+00 1.58347440e+00 1.64614844e+00 1.62465405e+00
 1.54541421e+00 1.54098666e+00 1.59106159e+00 1.65542006e+00
 1.65163267e+00 1.53421485e+00 1.53559220e+00 1.52855241e+00
 1.49115610e+00 1.49504602e+00 1.47855604e+00 1.47286510e+00
 1.43744206e+00 1.42086852e+00 1.42004895e+00 1.43320572e+00
 1.44012022e+00 1.45397651e+00 1.43821418e+00 1.43288934e+00
 1.47877157e+00 1.45544004e+00 1.46151948e+00 1.42787218e+00
 1.48446357e+00 1.42049026e+00 1.42298257e+00 1.44113946e+00
 1.41311169e+00 1.37454247e+00 1.40114808e+00 1.41320240e+00
 1.38172650e+00 1.38142180e+00 1.38788784e+00 1.38720679e+00
 1.42091048e+00 1.38120461e+00 1.38771236e+00 1.37420964e+00
 1.37654328e+00 1.40314353e+00 1.42951560e+00 1.45608020e+00
 1.44453752e+00 1.44015944e+00 1.44738483e+00 1.43412471e+00
 1.44794416e+00 1.43649530e+00 1.42328489e+00 1.45296609e+00
 1.40156567e+00 1.38529503e+00 1.37707949e+00 1.37166321e+00
 1.37045217e+00 1.34532464e+00 1.36507535e+00 1.40738094e+00
 1.38477516e+00 1.37586808e+00 1.37040293e+00 1.31596553e+00
 1.33052862e+00 1.27249074e+00 1.28495646e+00 1.27726364e+00
 1.28522825e+00 1.29404676e+00 1.29538500e+00 1.32198536e+00
 1.35899484e+00 1.41107774e+00 1.37520218e+00 1.36195493e+00
 1.28307021e+00 1.32644260e+00 1.27733552e+00 1.26043308e+00
 1.27452803e+00 1.26228130e+00 1.28283179e+00 1.29787159e+00
 1.34296191e+00 1.36467576e+00 1.33648729e+00 1.33461344e+00
 1.28310513e+00 1.26489532e+00 1.28599679e+00 1.26523650e+00
 1.28175104e+00 1.25487113e+00 1.28390241e+00 1.25053608e+00
 1.24523401e+00 1.26531291e+00 1.21090329e+00 1.21765053e+00
 1.23981202e+00 1.22089183e+00 1.22857118e+00 1.24698031e+00
 1.21918547e+00 1.17986751e+00 1.15986538e+00 1.13942683e+00
 1.11268079e+00 1.14311779e+00 1.14782548e+00 1.13496625e+00
 1.11633003e+00 1.07428098e+00 1.04846227e+00 1.11110950e+00
 1.10761404e+00 1.11077344e+00 1.08094954e+00 1.13137853e+00
 1.18527424e+00 1.21072543e+00 1.20445681e+00 1.16242254e+00
 1.13073039e+00 1.10056734e+00 1.13917387e+00 1.14530468e+00
 1.14787662e+00 1.10337508e+00 1.09468079e+00 1.13438225e+00
 1.14222813e+00 1.16841996e+00 1.13961613e+00 1.12637091e+00
 1.14138865e+00 1.15190113e+00 1.13460028e+00 1.19926238e+00
 1.17156458e+00 1.19017792e+00 1.20033681e+00 1.21211255e+00
 1.18051493e+00 1.16280770e+00 1.10725200e+00 1.08041251e+00
 1.08459163e+00 1.14611459e+00 1.16490340e+00 1.10862768e+00
 1.08302832e+00 1.08004820e+00 1.06297016e+00 1.04198122e+00
 1.06724513e+00 1.04201770e+00 1.10912836e+00 1.16641927e+00
 1.14367318e+00 1.14938927e+00 1.07787812e+00 1.05566633e+00
 1.03481376e+00 1.02214074e+00 1.03964245e+00 1.05220830e+00
 1.04664075e+00 9.94081020e-01 9.82664764e-01 9.48348522e-01
 9.29233134e-01 9.49842513e-01 9.95716810e-01 1.03407514e+00
 9.54435289e-01 1.01337779e+00 1.03385103e+00 1.13723004e+00
 1.09090006e+00 1.13991940e+00 1.08805788e+00 9.87403691e-01
 1.02720737e+00 1.00304019e+00 9.56139922e-01 9.42111254e-01
 8.70268881e-01 8.97275031e-01 9.21963751e-01 9.56543446e-01
 9.80254889e-01 9.69493032e-01 9.24007595e-01 9.63821650e-01
 9.11900580e-01 9.41606760e-01 9.43702877e-01 9.83770013e-01
 1.01983893e+00 9.38467383e-01 9.66265082e-01 9.49712873e-01
 1.03695345e+00 1.12271714e+00 1.03715694e+00 9.00743604e-01
 9.13257718e-01 9.45847392e-01 9.84408617e-01 9.28407490e-01
 9.27785873e-01 8.27905655e-01 8.45545053e-01 8.22490752e-01
 7.97550797e-01 7.88405299e-01 8.12795758e-01 8.45094323e-01
 7.85705745e-01 7.91999817e-01 7.76380420e-01 7.99463630e-01
 7.93977201e-01 8.94343436e-01 9.55737591e-01 9.07795191e-01
 9.17407811e-01 1.01044798e+00 1.00983977e+00 9.74261284e-01
 9.14287746e-01 8.91877592e-01 9.27639186e-01 8.45710933e-01
 8.32029760e-01 8.19901347e-01 8.45628440e-01 8.11160505e-01
 7.83758044e-01 7.90737629e-01 7.61694491e-01 7.68607497e-01
 8.40348721e-01 8.39926660e-01 7.90252805e-01 8.10411692e-01
 8.03811133e-01 7.39754975e-01 7.56854832e-01 7.60576129e-01
 8.12757313e-01 8.51661325e-01 7.71204531e-01 7.80016124e-01
 7.73175418e-01 7.68432856e-01 7.36675978e-01 7.59113193e-01
 7.41998017e-01 7.28167593e-01 6.95119143e-01 7.22248018e-01
 7.79486537e-01 7.26352632e-01 7.50330865e-01 7.23725259e-01
 7.44393468e-01 7.82985210e-01 9.00532067e-01 7.55154252e-01
 7.37715900e-01 7.51630247e-01 7.77684569e-01 7.36680329e-01
 7.75919855e-01 7.72136092e-01 7.13397861e-01 6.98254466e-01
 7.30225265e-01 6.65039659e-01 6.60781980e-01 6.69151962e-01
 7.05037475e-01 7.09890485e-01 7.02179849e-01 6.63825810e-01
 6.60117090e-01 6.95775092e-01 6.83913171e-01 6.39377713e-01
 6.42720640e-01 6.14064336e-01 6.04644835e-01 6.11093938e-01
 6.20415270e-01 6.50506675e-01 6.37137175e-01 6.86911583e-01
 6.63885534e-01 6.39549315e-01 6.40252233e-01 7.10255206e-01
 7.04645276e-01 7.15830147e-01 7.53913879e-01 7.78696239e-01
 8.83820832e-01 9.46743786e-01 9.19159472e-01 7.78366804e-01
 7.46374428e-01 6.61958218e-01 6.36908472e-01 6.14828646e-01
 6.38674080e-01 6.38018250e-01 6.25864446e-01 6.57206357e-01
 6.75456822e-01 6.85615420e-01 7.21798241e-01 6.17488682e-01
 6.44238651e-01 6.62896693e-01 6.91413164e-01 6.94343448e-01
 6.72611594e-01 6.61047161e-01 6.90994442e-01 6.94574594e-01
 7.58548260e-01 8.10660481e-01 7.24375367e-01 7.36121356e-01
 8.52464497e-01 9.55629945e-01 9.62438881e-01 8.45800698e-01
 8.14495087e-01 9.15127516e-01 8.96530509e-01 6.91763580e-01
 6.28861666e-01 5.86855352e-01 5.68168998e-01 5.78490734e-01
 5.65582454e-01 5.72190940e-01 5.74159443e-01 5.86439192e-01
 5.59050143e-01 5.56540012e-01 5.76455057e-01 5.64342320e-01
 5.64281583e-01 5.24541378e-01 5.08932531e-01 5.11483729e-01
 5.19171536e-01 5.39997280e-01 5.85138917e-01 5.51053405e-01
 5.72434902e-01 5.54046810e-01 5.75336576e-01 5.74208856e-01
 5.76242566e-01 5.50495148e-01 5.38377643e-01 5.39897144e-01
 5.74546039e-01 5.33733606e-01 5.46521962e-01 5.60686648e-01
 5.59524477e-01 6.15461290e-01 5.72688818e-01 5.16556621e-01
 5.01870930e-01 4.83190864e-01 0.00000000e+00 0.00000000e+00
 0.00000000e+00 0.00000000e+00 0.00000000e+00 0.00000000e+00
 0.00000000e+00 0.00000000e+00 0.00000000e+00 0.00000000e+00
 0.00000000e+00 0.00000000e+00 0.00000000e+00 0.00000000e+00
 0.00000000e+00 0.00000000e+00 0.00000000e+00 0.00000000e+00
 0.00000000e+00 0.00000000e+00 0.00000000e+00 0.00000000e+00
 0.00000000e+00 0.00000000e+00 0.00000000e+00 0.00000000e+00
 0.00000000e+00 0.00000000e+00 0.00000000e+00 0.00000000e+00
 0.00000000e+00 0.00000000e+00 0.00000000e+00 0.00000000e+00
 0.00000000e+00 0.00000000e+00 0.00000000e+00 0.00000000e+00
 0.00000000e+00 0.00000000e+00 0.00000000e+00 0.00000000e+00
 0.00000000e+00 0.00000000e+00 0.00000000e+00 0.00000000e+00
 0.00000000e+00 0.00000000e+00 0.00000000e+00 0.00000000e+00
 0.00000000e+00 0.00000000e+00 0.00000000e+00 0.00000000e+00
 0.00000000e+00 0.00000000e+00 0.00000000e+00 0.00000000e+00
 0.00000000e+00 0.00000000e+00 0.00000000e+00 0.00000000e+00
 0.00000000e+00 0.00000000e+00 0.00000000e+00 0.00000000e+00
 0.00000000e+00 0.00000000e+00 0.00000000e+00 0.00000000e+00
 0.00000000e+00 0.00000000e+00 0.00000000e+00 0.00000000e+00
 0.00000000e+00 0.00000000e+00 0.00000000e+00 0.00000000e+00
 0.00000000e+00 0.00000000e+00 0.00000000e+00 0.00000000e+00
 0.00000000e+00 0.00000000e+00 0.00000000e+00 0.00000000e+00
 0.00000000e+00 0.00000000e+00 0.00000000e+00 0.00000000e+00
 0.00000000e+00 0.00000000e+00 0.00000000e+00 0.00000000e+00
 0.00000000e+00 0.00000000e+00 0.00000000e+00 0.00000000e+00
 0.00000000e+00 0.00000000e+00 0.00000000e+00 0.00000000e+00
 0.00000000e+00 0.00000000e+00 0.00000000e+00 0.00000000e+00
 0.00000000e+00 0.00000000e+00 0.00000000e+00 0.00000000e+00
 0.00000000e+00 0.00000000e+00 0.00000000e+00 0.00000000e+00
 0.00000000e+00 0.00000000e+00 0.00000000e+00 0.00000000e+00
 0.00000000e+00 0.00000000e+00 0.00000000e+00 0.00000000e+00
 0.00000000e+00 0.00000000e+00 0.00000000e+00 0.00000000e+00
 0.00000000e+00 0.00000000e+00 0.00000000e+00 0.00000000e+00
 0.00000000e+00 0.00000000e+00 0.00000000e+00 0.00000000e+00
 0.00000000e+00 0.00000000e+00 0.00000000e+00 0.00000000e+00
 0.00000000e+00 0.00000000e+00 0.00000000e+00 0.00000000e+00
 0.00000000e+00 0.00000000e+00 0.00000000e+00 0.00000000e+00
 0.00000000e+00 0.00000000e+00 0.00000000e+00 0.00000000e+00
 0.00000000e+00 0.00000000e+00 0.00000000e+00 0.00000000e+00
 0.00000000e+00 0.00000000e+00 0.00000000e+00 0.00000000e+00
 0.00000000e+00 0.00000000e+00 0.00000000e+00 0.00000000e+00
 0.00000000e+00 0.00000000e+00 0.00000000e+00 0.00000000e+00
 0.00000000e+00 0.00000000e+00 0.00000000e+00 0.00000000e+00
 0.00000000e+00 0.00000000e+00 0.00000000e+00 0.00000000e+00
 0.00000000e+00 0.00000000e+00 0.00000000e+00 0.00000000e+00
 0.00000000e+00 0.00000000e+00 0.00000000e+00 0.00000000e+00
 0.00000000e+00 0.00000000e+00 0.00000000e+00 0.00000000e+00
 0.00000000e+00 0.00000000e+00 0.00000000e+00 0.00000000e+00
 0.00000000e+00 0.00000000e+00 0.00000000e+00 0.00000000e+00
 0.00000000e+00 0.00000000e+00 0.00000000e+00 0.00000000e+00
 0.00000000e+00 0.00000000e+00 0.00000000e+00 0.00000000e+00
 0.00000000e+00 0.00000000e+00 0.00000000e+00 0.00000000e+00
 0.00000000e+00 0.00000000e+00 0.00000000e+00 0.00000000e+00
 0.00000000e+00 0.00000000e+00 0.00000000e+00 0.00000000e+00
 0.00000000e+00 0.00000000e+00 0.00000000e+00 0.00000000e+00
 0.00000000e+00 0.00000000e+00 0.00000000e+00 0.00000000e+00
 0.00000000e+00 0.00000000e+00 0.00000000e+00 0.00000000e+00
 0.00000000e+00 0.00000000e+00 0.00000000e+00 0.00000000e+00
 0.00000000e+00 0.00000000e+00 0.00000000e+00 0.00000000e+00
 0.00000000e+00 0.00000000e+00 0.00000000e+00 0.00000000e+00
 0.00000000e+00 0.00000000e+00 0.00000000e+00 0.00000000e+00
 0.00000000e+00 0.00000000e+00 0.00000000e+00 0.00000000e+00
 0.00000000e+00 0.00000000e+00 0.00000000e+00 0.00000000e+00
 0.00000000e+00 0.00000000e+00 0.00000000e+00 0.00000000e+00
 0.00000000e+00 0.00000000e+00 0.00000000e+00 0.00000000e+00
 0.00000000e+00 0.00000000e+00 0.00000000e+00 0.00000000e+00
 0.00000000e+00 0.00000000e+00 0.00000000e+00 0.00000000e+00
 0.00000000e+00 0.00000000e+00 0.00000000e+00 0.00000000e+00
 0.00000000e+00 0.00000000e+00 0.00000000e+00 0.00000000e+00
 0.00000000e+00 0.00000000e+00 0.00000000e+00 0.00000000e+00
 0.00000000e+00 0.00000000e+00 0.00000000e+00 0.00000000e+00
 0.00000000e+00 0.00000000e+00 0.00000000e+00 0.00000000e+00
 0.00000000e+00 0.00000000e+00 0.00000000e+00 0.00000000e+00
 0.00000000e+00 0.00000000e+00 0.00000000e+00 0.00000000e+00
 0.00000000e+00 0.00000000e+00 0.00000000e+00 0.00000000e+00
 0.00000000e+00 0.00000000e+00 0.00000000e+00 0.00000000e+00
 0.00000000e+00 0.00000000e+00 0.00000000e+00 0.00000000e+00
 0.00000000e+00 0.00000000e+00 0.00000000e+00 0.00000000e+00
 0.00000000e+00 0.00000000e+00 0.00000000e+00 0.00000000e+00
 0.00000000e+00 0.00000000e+00 0.00000000e+00 0.00000000e+00
 0.00000000e+00 0.00000000e+00 0.00000000e+00 0.00000000e+00
 0.00000000e+00 0.00000000e+00 0.00000000e+00 0.00000000e+00
 0.00000000e+00 0.00000000e+00 0.00000000e+00 0.00000000e+00
 0.00000000e+00 0.00000000e+00 0.00000000e+00 0.00000000e+00
 0.00000000e+00 0.00000000e+00 0.00000000e+00 0.00000000e+00
 0.00000000e+00 0.00000000e+00 0.00000000e+00 0.00000000e+00
 0.00000000e+00 0.00000000e+00 0.00000000e+00 0.00000000e+00
 0.00000000e+00 0.00000000e+00 0.00000000e+00 0.00000000e+00
 0.00000000e+00 0.00000000e+00 0.00000000e+00 0.00000000e+00
 0.00000000e+00 0.00000000e+00 0.00000000e+00 0.00000000e+00
 0.00000000e+00 0.00000000e+00 0.00000000e+00 0.00000000e+00
 0.00000000e+00 0.00000000e+00 0.00000000e+00 0.00000000e+00
 0.00000000e+00 0.00000000e+00 0.00000000e+00 0.00000000e+00
 0.00000000e+00 0.00000000e+00 0.00000000e+00 0.00000000e+00
 0.00000000e+00 0.00000000e+00 0.00000000e+00 0.00000000e+00
 0.00000000e+00 0.00000000e+00 0.00000000e+00 0.00000000e+00
 0.00000000e+00 0.00000000e+00 0.00000000e+00 0.00000000e+00
 0.00000000e+00 0.00000000e+00 0.00000000e+00 0.00000000e+00
 0.00000000e+00 0.00000000e+00 0.00000000e+00 0.00000000e+00
 0.00000000e+00 0.00000000e+00 0.00000000e+00 0.00000000e+00
 0.00000000e+00 0.00000000e+00 0.00000000e+00 0.00000000e+00
 0.00000000e+00 0.00000000e+00 0.00000000e+00 0.00000000e+00
 0.00000000e+00 0.00000000e+00 0.00000000e+00 0.00000000e+00
 0.00000000e+00 0.00000000e+00 0.00000000e+00 0.00000000e+00
 0.00000000e+00 0.00000000e+00 0.00000000e+00 0.00000000e+00
 0.00000000e+00 0.00000000e+00 0.00000000e+00 0.00000000e+00
 0.00000000e+00 0.00000000e+00 0.00000000e+00 0.00000000e+00
 0.00000000e+00 0.00000000e+00 0.00000000e+00 0.00000000e+00
 0.00000000e+00 0.00000000e+00 0.00000000e+00 0.00000000e+00
 0.00000000e+00 0.00000000e+00 0.00000000e+00 0.00000000e+00
 0.00000000e+00 0.00000000e+00 0.00000000e+00 0.00000000e+00
 0.00000000e+00 0.00000000e+00 0.00000000e+00 0.00000000e+00
 0.00000000e+00 0.00000000e+00 0.00000000e+00 0.00000000e+00
 0.00000000e+00 0.00000000e+00 0.00000000e+00 0.00000000e+00
 0.00000000e+00 0.00000000e+00 0.00000000e+00 0.00000000e+00
 0.00000000e+00 0.00000000e+00 0.00000000e+00 0.00000000e+00
 0.00000000e+00 0.00000000e+00 0.00000000e+00 0.00000000e+00
 0.00000000e+00 0.00000000e+00 0.00000000e+00 0.00000000e+00
 0.00000000e+00 0.00000000e+00 0.00000000e+00 0.00000000e+00
 0.00000000e+00 0.00000000e+00 0.00000000e+00 0.00000000e+00
 0.00000000e+00 0.00000000e+00 0.00000000e+00 0.00000000e+00
 0.00000000e+00 0.00000000e+00 0.00000000e+00 0.00000000e+00
 0.00000000e+00 0.00000000e+00 0.00000000e+00 0.00000000e+00
 0.00000000e+00 0.00000000e+00 0.00000000e+00 0.00000000e+00
 0.00000000e+00 0.00000000e+00 0.00000000e+00 0.00000000e+00
 0.00000000e+00 0.00000000e+00 0.00000000e+00 0.00000000e+00
 0.00000000e+00 0.00000000e+00 0.00000000e+00 0.00000000e+00
 0.00000000e+00 0.00000000e+00 0.00000000e+00 0.00000000e+00
 0.00000000e+00 0.00000000e+00 0.00000000e+00 0.00000000e+00
 0.00000000e+00 0.00000000e+00 0.00000000e+00 0.00000000e+00
 0.00000000e+00 0.00000000e+00 0.00000000e+00 0.00000000e+00
 0.00000000e+00 0.00000000e+00 0.00000000e+00 0.00000000e+00
 0.00000000e+00 0.00000000e+00 0.00000000e+00 0.00000000e+00
 0.00000000e+00 0.00000000e+00 0.00000000e+00 0.00000000e+00
 0.00000000e+00 0.00000000e+00 0.00000000e+00 0.00000000e+00
 0.00000000e+00 0.00000000e+00 0.00000000e+00 0.00000000e+00
 0.00000000e+00 0.00000000e+00 0.00000000e+00 0.00000000e+00
 0.00000000e+00 0.00000000e+00 0.00000000e+00 0.00000000e+00
 0.00000000e+00 0.00000000e+00 0.00000000e+00 0.00000000e+00
 0.00000000e+00 0.00000000e+00 0.00000000e+00 0.00000000e+00
 0.00000000e+00 0.00000000e+00 0.00000000e+00 0.00000000e+00
 0.00000000e+00 0.00000000e+00 0.00000000e+00 0.00000000e+00
 0.00000000e+00 0.00000000e+00 0.00000000e+00 0.00000000e+00
 0.00000000e+00 0.00000000e+00 0.00000000e+00 0.00000000e+00
 0.00000000e+00 0.00000000e+00 0.00000000e+00 0.00000000e+00
 0.00000000e+00 0.00000000e+00 0.00000000e+00 0.00000000e+00
 0.00000000e+00 0.00000000e+00 0.00000000e+00 0.00000000e+00
 0.00000000e+00 0.00000000e+00 0.00000000e+00 0.00000000e+00
 0.00000000e+00 0.00000000e+00 0.00000000e+00 0.00000000e+00
 0.00000000e+00 0.00000000e+00 0.00000000e+00 0.00000000e+00
 0.00000000e+00 0.00000000e+00 0.00000000e+00 0.00000000e+00
 0.00000000e+00 0.00000000e+00 0.00000000e+00 0.00000000e+00
 0.00000000e+00 0.00000000e+00 0.00000000e+00 0.00000000e+00
 0.00000000e+00 0.00000000e+00 0.00000000e+00 0.00000000e+00
 0.00000000e+00 0.00000000e+00 0.00000000e+00 0.00000000e+00
 0.00000000e+00 0.00000000e+00 0.00000000e+00 0.00000000e+00
 0.00000000e+00 0.00000000e+00 0.00000000e+00 0.00000000e+00
 0.00000000e+00 0.00000000e+00 0.00000000e+00 0.00000000e+00
 0.00000000e+00 0.00000000e+00 0.00000000e+00 0.00000000e+00
 0.00000000e+00 0.00000000e+00 0.00000000e+00 0.00000000e+00
 0.00000000e+00 0.00000000e+00 0.00000000e+00 0.00000000e+00
 0.00000000e+00 0.00000000e+00 0.00000000e+00 0.00000000e+00
 0.00000000e+00 0.00000000e+00 0.00000000e+00 0.00000000e+00
 0.00000000e+00 0.00000000e+00 0.00000000e+00 0.00000000e+00
 0.00000000e+00 0.00000000e+00 0.00000000e+00 0.00000000e+00
 0.00000000e+00 0.00000000e+00 0.00000000e+00 0.00000000e+00
 0.00000000e+00 0.00000000e+00 0.00000000e+00 0.00000000e+00
 0.00000000e+00 0.00000000e+00 0.00000000e+00 0.00000000e+00
 0.00000000e+00 0.00000000e+00 0.00000000e+00 0.00000000e+00
 0.00000000e+00 0.00000000e+00 0.00000000e+00 0.00000000e+00
 0.00000000e+00 0.00000000e+00 0.00000000e+00 0.00000000e+00
 0.00000000e+00 0.00000000e+00 0.00000000e+00 0.00000000e+00
 0.00000000e+00 0.00000000e+00 0.00000000e+00 0.00000000e+00
 0.00000000e+00 0.00000000e+00 0.00000000e+00 0.00000000e+00
 0.00000000e+00 0.00000000e+00 0.00000000e+00 0.00000000e+00
 0.00000000e+00 0.00000000e+00 0.00000000e+00 0.00000000e+00
 0.00000000e+00 0.00000000e+00 0.00000000e+00 0.00000000e+00
 0.00000000e+00 0.00000000e+00 0.00000000e+00 0.00000000e+00
 0.00000000e+00 0.00000000e+00 0.00000000e+00 0.00000000e+00
 0.00000000e+00 0.00000000e+00 0.00000000e+00 0.00000000e+00
 0.00000000e+00 0.00000000e+00 0.00000000e+00 0.00000000e+00
 0.00000000e+00 0.00000000e+00 0.00000000e+00 0.00000000e+00
 0.00000000e+00 0.00000000e+00 0.00000000e+00 0.00000000e+00
 0.00000000e+00 0.00000000e+00 0.00000000e+00 0.00000000e+00
 0.00000000e+00 0.00000000e+00 0.00000000e+00 0.00000000e+00
 0.00000000e+00 0.00000000e+00 0.00000000e+00 0.00000000e+00
 0.00000000e+00 0.00000000e+00 0.00000000e+00 0.00000000e+00
 0.00000000e+00 0.00000000e+00 0.00000000e+00 0.00000000e+00
 0.00000000e+00 0.00000000e+00 0.00000000e+00 0.00000000e+00
 0.00000000e+00 0.00000000e+00 0.00000000e+00 0.00000000e+00
 0.00000000e+00 0.00000000e+00 0.00000000e+00 0.00000000e+00
 0.00000000e+00 0.00000000e+00 0.00000000e+00 0.00000000e+00
 0.00000000e+00 0.00000000e+00 0.00000000e+00 0.00000000e+00
 0.00000000e+00 0.00000000e+00 0.00000000e+00 0.00000000e+00
 0.00000000e+00 0.00000000e+00 0.00000000e+00 0.00000000e+00
 0.00000000e+00 0.00000000e+00 0.00000000e+00 0.00000000e+00
 0.00000000e+00 0.00000000e+00 0.00000000e+00 0.00000000e+00
 0.00000000e+00 0.00000000e+00 0.00000000e+00 0.00000000e+00
 0.00000000e+00 0.00000000e+00 0.00000000e+00 0.00000000e+00
 0.00000000e+00 0.00000000e+00 0.00000000e+00 0.00000000e+00
 0.00000000e+00 0.00000000e+00 0.00000000e+00 0.00000000e+00
 0.00000000e+00 0.00000000e+00 0.00000000e+00 0.00000000e+00
 0.00000000e+00 0.00000000e+00 0.00000000e+00 0.00000000e+00
 0.00000000e+00 0.00000000e+00 0.00000000e+00 0.00000000e+00
 0.00000000e+00 0.00000000e+00 0.00000000e+00 0.00000000e+00
 0.00000000e+00 0.00000000e+00 0.00000000e+00 0.00000000e+00
 0.00000000e+00 0.00000000e+00 0.00000000e+00 0.00000000e+00
 0.00000000e+00 0.00000000e+00 0.00000000e+00 0.00000000e+00
 0.00000000e+00 0.00000000e+00 0.00000000e+00 0.00000000e+00
 0.00000000e+00 0.00000000e+00 0.00000000e+00 0.00000000e+00
 0.00000000e+00 0.00000000e+00 0.00000000e+00 0.00000000e+00
 0.00000000e+00 0.00000000e+00 0.00000000e+00 0.00000000e+00
 0.00000000e+00 0.00000000e+00 0.00000000e+00 0.00000000e+00
 0.00000000e+00 0.00000000e+00 0.00000000e+00 0.00000000e+00
 0.00000000e+00 0.00000000e+00 0.00000000e+00 0.00000000e+00
 0.00000000e+00 0.00000000e+00 0.00000000e+00 0.00000000e+00
 0.00000000e+00 0.00000000e+00 0.00000000e+00 0.00000000e+00
 0.00000000e+00 0.00000000e+00 0.00000000e+00 0.00000000e+00
 0.00000000e+00 0.00000000e+00 0.00000000e+00 0.00000000e+00
 0.00000000e+00 0.00000000e+00 0.00000000e+00 0.00000000e+00
 0.00000000e+00 0.00000000e+00 0.00000000e+00 0.00000000e+00
 0.00000000e+00 0.00000000e+00 0.00000000e+00 0.00000000e+00
 0.00000000e+00 0.00000000e+00 0.00000000e+00 0.00000000e+00
 0.00000000e+00 0.00000000e+00 0.00000000e+00 0.00000000e+00
 0.00000000e+00 0.00000000e+00 0.00000000e+00 0.00000000e+00
 0.00000000e+00 0.00000000e+00 0.00000000e+00 0.00000000e+00
 0.00000000e+00 0.00000000e+00 0.00000000e+00 0.00000000e+00
 0.00000000e+00 0.00000000e+00 0.00000000e+00 0.00000000e+00
 0.00000000e+00 0.00000000e+00 0.00000000e+00 0.00000000e+00
 0.00000000e+00 0.00000000e+00 0.00000000e+00 0.00000000e+00
 0.00000000e+00 0.00000000e+00 0.00000000e+00 0.00000000e+00
 0.00000000e+00 0.00000000e+00 0.00000000e+00 0.00000000e+00]